Comb: [10000, 100, 2]
Idm: [1, 2]
RankRatio: 0.0, IndexRatio: 0.0
Time: 0.03248108625411987
Err: [12.533358019466423, 4.879412414444101, 4.884085524471113]
Std: [0.30565088524718637, 0.32020096111583296, 0.11259533664228284]
Idm: [1, 3]
RankRatio: 0.0, IndexRatio: 0.0
Time: 0.03906694054603577
Err: [11.03909895206275, 4.907671145268376, 4.53701438097679]
Std: [0.4395863634239732, 0.2552738594296253, 0.162799609523707]
Idm: [1, 4]
RankRatio: 0.0, IndexRatio: 0.0
Time: 0.06007115244865417
Err: [10.660536697816704, 4.660135016370963, 4.420242640827214]
Std: [0.40056182832747345, 0.29573801413552214, 0.156488636376711]
