Comb: [1000, 100, 1]
Idm: [1, 2]
RankRatio: 0.0, IndexRatio: 0.55
Time: 0.6539695143699646
Err: [20.062934679936085, 11.04560164250292, 9.424948406201556]
Std: [0.5068404349045045, 1.1618642296293886, 0.3581289114791206]
Idm: [1, 3]
RankRatio: 0.0, IndexRatio: 0.0
Time: 0.7760367691516876
Err: [18.9006033467738, 7.686230313642914, 8.137641095602856]
Std: [0.6623273234246755, 0.0, 0.2383021563108885]
Idm: [1, 4]
RankRatio: 0.0, IndexRatio: 0.3
Time: 0.693573921918869
Err: [18.76496894688789, 11.196811581508715, 8.504230585528703]
Std: [0.5324809925730183, 1.0077234001858135, 0.2956418413757155]
