Comb: [200, 50, 0]
Idm: [1, 2]
RankRatio: 1.0, IndexRatio: 1.0
Time: 0.054490786790847776
Err: [12.682386809344749, 0.0, 12.682386809344749]
Std: [0.6279777405467469, 0.0, 0.6279777405467469]
Idm: [1, 3]
RankRatio: 1.0, IndexRatio: 1.0
Time: 0.05867188572883606
Err: [11.000789043966314, 0.0, 11.000789043966314]
Std: [0.43740176563553396, 0.0, 0.43740176563553396]
Idm: [1, 4]
RankRatio: 1.0, IndexRatio: 1.0
Time: 0.04187378883361816
Err: [10.00964379320387, 0.0, 10.00964379320387]
Std: [0.45649931901880153, 0.0, 0.45649931901880153]
