Comb: [150, 100, 1]
Idm: [1, 2]
RegularErr: [81.91160124768861, 7.906146314873719, 34.139956262886805]
RndInitialErr: [187.87185774641833, 135.5836299687305, 79.08891742871279]
Idm: [1, 3]
RegularErr: [78.26908007356995, 6.8411170605178775, 35.360161082650485]
RndInitialErr: [541.7371024017457, 424.4672013214209, 169.29411725599152]
Idm: [1, 4]
RegularErr: [87.29738816173226, 8.09103782633037, 36.094195971458774]
RndInitialErr: [282.571085094574, 139.92877982727475, 114.254931757056]
