Comb: [150, 100, 2]
Idm: [1, 2]
RegularErr: [118.43342361604847, 10.024419719028995, 41.64695574696319]
RndInitialErr: [313.19967518757016, 196.29906811843742, 114.81216274471008]
Idm: [1, 3]
RegularErr: [120.52270097134131, 9.268149559757564, 44.25104311903657]
RndInitialErr: [278.96843791837637, 1005.7170928960829, 381.3473052054172]
Idm: [1, 4]
RegularErr: [114.48345880893238, 7.908804299406979, 45.83214502042985]
RndInitialErr: [297.2323207767792, 176.75921643784227, 109.1231656818171]
