Comb: [200, 50, 0]
Idm: [1, 2]
RankRatio: 1.0, IndexRatio: 1.0
Time: 0.06188696026802063
Err: [11.486632792325262, 0.0, 11.486632792325262]
Std: [0.46447773588087066, 0.0, 0.46447773588087066]
Idm: [1, 3]
RankRatio: 1.0, IndexRatio: 1.0
Time: 0.07701632976531983
Err: [10.636943971586927, 0.0, 10.636943971586927]
Std: [0.4074562216776552, 0.0, 0.4074562216776552]
Idm: [1, 4]
RankRatio: 1.0, IndexRatio: 1.0
Time: 0.05678501129150391
Err: [10.051903204575249, 0.0, 10.051903204575249]
Std: [0.34566755109112596, 0.0, 0.34566755109112596]
