Comb: [1000, 100, 1]
Idm: [1, 2]
RankRatio: 1.0, IndexRatio: 1.0
Time: 1.3629505276679992
Err: [59.77943234762661, 32.67233406108542, 28.86469290515957]
Std: [1.7224106173574536, 16.062458922142053, 3.860724754999769]
Idm: [1, 3]
RankRatio: 1.0, IndexRatio: 1.0
Time: 1.691478568315506
Err: [62.7040133206807, 39.37444891729713, 30.199271798554587]
Std: [5.959570931552578, 19.058257592179363, 5.757622244289945]
Idm: [1, 4]
RankRatio: 1.0, IndexRatio: 1.0
Time: 1.4975311636924744
Err: [65.64373195720074, 35.707614248684514, 29.902167380436243]
Std: [2.5434364853700684, 20.550875298426536, 5.171020327089364]
