Comb: [10000, 100, 2]
Idm: [1, 2]
RankRatio: 1.0, IndexRatio: 1.0
Time: 2.0457490503787996
Err: [74.11493458333248, 76.21539882891821, 40.58829959210492]
Std: [0.5919222024607954, 34.90592037202964, 9.972957105339365]
Idm: [1, 3]
RankRatio: 1.0, IndexRatio: 1.0
Time: 2.195511132478714
Err: [82.37380617146569, 79.38654763644303, 45.035730191865376]
Std: [0.3426573748157838, 36.92686917464535, 10.89110136612484]
Idm: [1, 4]
RankRatio: 1.0, IndexRatio: 1.0
Time: 2.282263857126236
Err: [81.99669697080162, 82.73378463573928, 46.11380327573417]
Std: [0.595073877001921, 32.3737519954069, 9.521076563724392]
